0 0.418382 0.238939 0.125194 0.143201
1 0.720465 0.456671 0.440435 0.912497
1 0.201073 0.511439 0.402146 0.959253
1 0.401751 0.488641 0.414175 0.969877
1 0.510458 0.677260 0.277080 0.566236
1 0.861759 0.426272 0.276481 0.852543
1 0.862155 0.364128 0.079850 0.103144
1 0.348291 0.499333 0.606567 0.998667
1 0.110800 0.520905 0.220631 0.958190
0 0.287427 0.482038 0.052559 0.063708
1 0.065091 0.506695 0.130181 0.971918
0 0.289697 0.474541 0.046153 0.057575
0 0.617855 0.890768 0.037274 0.042471
0 0.800332 0.363655 0.048404 0.055858
